[Application]
appid = 10203
datashape = (1080, 1920, 3)
predatashape = (3, 160, 160)
datasize = 6220928
predatasize = 614528
modelname1 = yolov5s_5x3x160x160
modelname2 = yolov5s_5x3x160x160
deadline = 600
sensordatatype = np.uint8
predatatype = np.float64
miss_bound = 0.1
priority = 3
sensortype = 2
sensorid = 2
nodeid = 1
fps = 10

[Queue]
sensor_start = 1000
pre_msgkey = 102031
pre_start = 3100
infer_msgkey = 102032
infer_start = 3200

[Profile]
batchedexecution = [0.00510079, 0.00623397]
enginepath1 = /local_scheduler/model/engine/yolov5s_5x3x160x160.engine
enginepath2 = /local_scheduler/model/engine/yolov5s_5x3x160x160.engine
optbatch = 5
opttime = [0.20510079, 0.20623397000000002]
